selection: 36.87475951910019
bubble: 131.47255698442459
insertion: 38.48005881309509
merge: 0.08979214429855346
quick: 0.03642536401748657
