selection: 9.178168511390684
bubble: 41.07684557437896
insertion: 6.2283600211143515
merge: 0.04777941703796385
quick: 0.021155953407287598
