selection: 9.178168511390682
bubble: 41.07684557437893
insertion: 6.228360021114354
merge: 0.04777941703796385
quick: 0.021155953407287598
